.Random.seed <-
c(403L, 1L, -1025648039L, 112386667L, -1200814118L, -1795970916L, 
387607199L, -369637131L, 339431820L, 1446042722L, 1842129981L, 
1319919287L, 441974110L, 312501400L, -1102458885L, -1937975911L, 
-621337048L, -1675387178L, -426017967L, -203989501L, -414613102L, 
-873210076L, 168137191L, 2022227517L, -616470348L, 1040809754L, 
-745802651L, 65797375L, 652799366L, 1256776464L, 651573171L, 
-496264111L, -1282850816L, 164524254L, 1856391977L, -1460816165L, 
432563690L, -1262654068L, 572965583L, 1863138949L, -1956029124L, 
-1877041134L, 2036141837L, -187651001L, -1730634194L, 109635464L, 
-452332917L, 1471874153L, 1405921336L, -1732222746L, -2136987519L, 
-1698263021L, 755406786L, -859213708L, -1369192841L, -589621395L, 
-340752380L, -1715641558L, -384984939L, 74467119L, -1049072074L, 
2045229664L, -1265989469L, 1721936833L, 1910400944L, 124867278L, 
-139628487L, 947365451L, 1937910778L, -1789110532L, 1382251327L, 
-1445891051L, -1146261716L, 818643970L, 454452957L, 1515034071L, 
649994430L, 1341461240L, -269092645L, -1410741447L, 1981464200L, 
-67032522L, -718019983L, -607594333L, 486240754L, -971906748L, 
661862919L, -562444323L, 1767301332L, -1670250502L, -587073723L, 
-894635105L, 1397823782L, 2076371376L, 1658266195L, -117404303L, 
289381536L, -649577410L, -1187548343L, 21709307L, -1226644022L, 
-706696404L, 354304815L, 753498597L, -1700682596L, 1219727602L, 
318040429L, -642726233L, 986753230L, -758241752L, -522342869L, 
-1786092471L, 1373427032L, -1531900922L, 949136865L, -1263904909L, 
-1894009886L, 520215380L, -1558399401L, -180826547L, 1751523812L, 
504069066L, -1164984779L, 1494516879L, 608742806L, -628174528L, 
1009495043L, 1804946977L, 1999026448L, 1850521326L, -1159230823L, 
1117889323L, -2033283558L, 1173316828L, 1975875807L, 208574133L, 
-1632415668L, 804949154L, -1221919747L, -72054537L, 1726238238L, 
-1329823528L, -1176050629L, 570772953L, 702544744L, -775539050L, 
-1488687087L, -478867005L, -47915566L, -651946908L, -776944729L, 
1816095997L, -1887057676L, 1663213530L, -1594969307L, -1558437313L, 
1760610758L, 991878736L, -1551363469L, 1917986449L, -540074304L, 
916007070L, 1606550633L, -1949454181L, 2039034282L, 607029708L, 
-1109990257L, 314539205L, -1997017988L, 221864146L, -57884595L, 
194681095L, -288568082L, 564504008L, 464227019L, 1125839657L, 
1276924792L, -1307899738L, -1761963327L, -1371937965L, 198045698L, 
2069110068L, 327833271L, 1011149485L, 141618116L, 814396394L, 
-774603691L, 1405723119L, -29447690L, 40480544L, -601038621L, 
-658582143L, 954659824L, 508148366L, 1636568569L, -617451637L, 
1771154362L, 1019253436L, -1011529217L, 759600981L, -1733365652L, 
-1899486014L, -2067230947L, -1213299305L, -1829423874L, 297066168L, 
1403437211L, -323588359L, 362553416L, -566611082L, 1419978417L, 
728409827L, 496899506L, 44072452L, 136279367L, 1007267869L, 1234900628L, 
-788423110L, -1481084795L, 1840969055L, 2102058470L, 1798796400L, 
-194648173L, 1125003313L, -1176273184L, 861484926L, -501699063L, 
-1482308037L, 338647050L, 1912249532L, 1754351410L, 1177311808L, 
-1334402892L, -2046080440L, -249131590L, -933535216L, 1890572012L, 
-4803244L, 1770714386L, -1089693280L, 2007529164L, 100240992L, 
-1344078910L, 2141137704L, -1663534164L, 1178877756L, -1915101838L, 
268291888L, -533564124L, -625343688L, 250117850L, 879029136L, 
1608030972L, 1764000660L, 441294914L, -431324928L, 1572117564L, 
-1720871600L, -2048610142L, 1969464648L, 1440795404L, -614012196L, 
-1093480110L, -1336932224L, -398185388L, -421018648L, 629710074L, 
178487120L, -672614612L, -701923980L, -1902084206L, 1528847456L, 
1013335436L, 1297396576L, 134043106L, -516275288L, -664680244L, 
1183798268L, -1726922318L, -283693584L, -817872956L, 719047000L, 
-589136518L, 1892427696L, -1514373700L, 168571988L, 1336399810L, 
647546912L, 1177305276L, 24327760L, 776976354L, -458844056L, 
2139846732L, 1348166908L, 2083448818L, -1358717696L, -1082981004L, 
-1983905784L, -1056644166L, 1103660496L, 1988362220L, -1336244844L, 
1455522258L, -2105288352L, 1318525772L, 1766760736L, -2065381502L, 
-1933459736L, -583210772L, 1208961084L, -965873806L, -1660449168L, 
-1256641500L, -475930824L, -1972736870L, -823684400L, -1326427972L, 
755805844L, -986501502L, -201187136L, 633120572L, -1737387888L, 
-1819333086L, -1953289208L, -409350900L, 145779868L, 1958113810L, 
614740864L, -1166830060L, -1674760664L, 1155816762L, 569232848L, 
24225900L, -1376189132L, -1925928302L, -261730464L, -2088734900L, 
1729873888L, -1875625054L, -320283736L, -1127401076L, -31261508L, 
-660020878L, 1098500336L, 1739454532L, 951838040L, -1945941446L, 
-273379472L, 2020928572L, 89989908L, 102745538L, -1830736160L, 
-573461636L, -1614351664L, 1859620002L, -1292410840L, 1613674764L, 
752356284L, 1813421362L, 725270976L, 58694196L, -247975992L, 
773250234L, 1201598864L, 2138423788L, 2027525716L, -187607918L, 
-489987296L, -920395316L, 1028429280L, 572720834L, -347944920L, 
-472959316L, 943644860L, -167158286L, 1958014256L, -1845803868L, 
169155256L, 1891866970L, 1379682704L, 268715900L, 1042802964L, 
-650535102L, -911380736L, 1061528508L, 437547856L, 1166040866L, 
464201032L, 684699148L, -260335524L, -1277243182L, -1557049856L, 
448401748L, 629915112L, 1255963642L, 68508880L, 602069292L, 233285364L, 
195493266L, 298410080L, 1592063244L, -880239904L, 1930050914L, 
-215031128L, -1113904564L, 619312508L, -391898830L, -1638126480L, 
895109956L, -1731460648L, 1860637818L, -782064080L, 19514044L, 
891671380L, 1966272578L, 723855776L, 389543612L, 93519312L, -541844126L, 
-1722341400L, 1695739852L, -1203952900L, -1162873358L, -1239626624L, 
1640667380L, 1466571400L, 1566559034L, 734652240L, -2145691028L, 
1186560148L, -944078510L, 49764064L, 211076812L, -959772512L, 
-503347326L, -2112706840L, -1232621844L, -1814458308L, 446260850L, 
-1524681616L, 704989732L, -184051656L, 1869942810L, -1637865776L, 
-2044658628L, 655035540L, 1546455170L, -2009731136L, 1533245756L, 
1747637904L, 1589215266L, 1894791176L, 994397324L, 370971676L, 
-1488704878L, -675286912L, 749195076L, -1519508875L, 868946911L, 
1542199096L, -156643050L, 1733692707L, -1515987227L, -2028230910L, 
-1148121744L, -523367143L, -1970207477L, -495524356L, 247791146L, 
2044388959L, 798406121L, 911484670L, 692836076L, 1018996285L, 
1898911239L, 606894576L, -193549938L, -1633337413L, 409151901L, 
-1345444022L, 1745623912L, -1794745007L, -353391037L, -162786492L, 
-1540853774L, 92925383L, 1141896081L, -1477711082L, -342057100L, 
32235013L, -330774961L, 1617003080L, -862792730L, -1122190061L, 
72741493L, 56549458L, -1922215264L, 1819598729L, 2012724155L, 
-1561641972L, 401549722L, -723113713L, -1101932711L, 1976498670L, 
1798644860L, 234537197L, -152729705L, 304619616L, 856326718L, 
1564033803L, 1587198349L, 588645050L, 600557816L, -1895205215L, 
1812434515L, -2118733452L, 686876418L, -1228484713L, -1334951583L, 
-1771599450L, 789973924L, -366479787L, -1778747649L, 828857240L, 
-508109642L, 1429092675L, 802287749L, -2061104862L, -818152944L, 
-1143348807L, -565767573L, -982610596L, 967490698L, 1681593471L, 
-396091959L, 557389406L, 1864340748L, 1602867421L, -1926259225L, 
1622984208L, -1392862418L, 566394843L, -663289667L, 1381575210L, 
789747400L, 793793521L, -1066150557L, -1024856732L, -369913710L, 
1973126503L, -653238479L, 231167094L, 762457492L, -144852571L, 
1953665711L, 1615221608L, -252104890L, -1230416141L, 1300281429L, 
-2141535182L, -1366121984L, 265982697L, -1521088165L, 1811735468L, 
444153786L, 1846278511L, -2035608839L, 1998052238L, -1386355108L, 
765834445L, 868670519L, -713165120L, 1680699806L, 199412331L, 
-411758099L, -1748328358L, 491417368L, -1702366079L, -569896397L, 
1870032980L, -802524062L, -30418185L, -354466495L, -1101839418L, 
1528619268L, -1504878411L, 1790979999L, -669147144L, -25144874L, 
-2074285981L, 929070117L, -792470590L, 1217867952L, 2038488281L, 
-1456653749L, 54548668L, 2024324842L, -1010544865L, -342831191L, 
550832446L, 424661036L, 413851261L, 230113479L, 223161776L, 783951822L, 
